,player,crosses,passes_pct,dribbles_completed_pct,shots_on_target_pct,pens_made,aerials_won_pct,minutes,xg/goals
4,Abderrazak Hamdallah,0,53.3,66.7,50.0,0,12.5,68,inf
5,Abdessamad Ezzalzouli,1,76.9,50.0,0.0,0,33.3,93,inf
7,Abdul Fatawu Issahaku,0,100.0,0.0,,0,,1,0.0
19,Ahmed Alaaeldin,0,0.0,,,0,,6,0.0
22,Akram Afif,13,84.2,42.9,0.0,0,50.0,270,0.0
25,Aleksandar Mitrović,1,78.3,100.0,30.0,0,29.4,262,0.8
31,Alexis Vega,6,71.4,25.0,22.2,0,16.7,193,inf
44,Almoez Ali,0,73.3,0.0,33.3,0,18.2,224,inf
47,Anass Zaroury,3,61.5,100.0,,0,,27,0.0
50,Andreas Cornelius,1,61.8,100.0,40.0,0,57.9,92,inf
51,Andreas Skov Olsen,4,68.3,0.0,25.0,0,33.3,132,inf
52,Andrej Kramarić,6,86.9,50.0,40.0,0,0.0,474,0.8
57,André Silva,0,81.8,,,0,33.3,26,0.0
60,Ansu Fati,1,86.2,0.0,,0,100.0,46,0.0
61,Ante Budimir,0,40.0,,0.0,0,33.3,55,inf
62,Anthony Contreras,1,57.7,,,0,45.5,125,0.0
64,Antoine Semenyo,0,50.0,,0.0,0,20.0,20,0.0
67,Antony,10,78.9,25.0,33.3,0,33.3,172,inf
70,Ardon Jasari,0,83.3,0.0,,0,,2,0.0
71,Arkadiusz Milik,0,65.5,100.0,0.0,0,44.4,101,inf
73,Asiri Haitham,0,50.0,,,0,0.0,2,0.0
80,Ayase Ueda,0,58.3,,,0,100.0,45,0.0
88,Bamba Dieng,1,56.3,0.0,25.0,0,20.0,100,0.5
98,Boulaye Dia,1,73.6,25.0,37.5,0,41.7,318,0.7
100,Breel Embolo,0,74.2,33.3,50.0,0,20.0,323,1.15
102,Brennan Johnson,1,58.8,0.0,33.3,0,0.0,91,inf
103,Bruno Fernandes,26,80.7,50.0,28.6,1,20.0,356,0.55
105,Bruno Petković,1,53.3,50.0,100.0,0,38.1,234,0.1
106,Bryan Mbeumo,12,57.6,14.3,100.0,0,35.7,233,inf
109,Bukayo Saka,5,77.8,18.2,71.4,0,50.0,288,0.19999999999999998
110,Callum Wilson,0,90.0,0.0,,0,100.0,48,0.0
117,Charles De Ketelaere,0,75.0,,,0,0.0,16,0.0
120,Cho Guesung,1,63.5,0.0,55.6,0,63.6,275,0.55
121,Cho Yumin,0,,,,0,,1,0.0
125,Christian Fassnacht,0,70.0,100.0,100.0,0,,8,inf
127,Christian Pulisic,31,58.9,26.7,55.6,0,33.3,315,1.1
129,Cody Gakpo,33,62.8,38.5,60.0,0,50.0,450,0.09999999999999999
134,Cristiano Ronaldo,2,75.6,0.0,20.0,1,66.7,290,1.6
135,Cyle Larin,3,72.4,25.0,33.3,0,66.7,137,inf
138,Daichi Kamada,5,79.8,75.0,16.7,0,60.0,322,inf
139,Daizen Maeda,0,47.1,0.0,50.0,0,14.3,180,0.5
144,Dani Olmo,10,81.8,21.1,50.0,0,0.0,367,1.4
147,Daniel James,4,66.7,25.0,,0,0.0,154,0.0
153,Darwin Núñez,4,62.5,0.0,33.3,0,33.3,240,inf
169,Djorkaeff Reasco,0,100.0,,,0,,27,0.0
173,Dušan Vlahović,0,54.5,0.0,100.0,0,50.0,79,0.8
177,Edimilson Fernandes,5,79.3,0.0,0.0,0,0.0,145,0.0
178,Edinson Cavani,0,73.0,100.0,0.0,0,66.7,124,inf
185,Enner Valencia,3,70.2,28.6,37.5,1,20.0,255,0.7666666666666666
190,Eric Maxim Choupo-Moting,0,66.7,37.5,66.7,0,64.7,253,0.8
196,Fabian Rieder,1,50.0,100.0,,0,0.0,68,0.0
200,Famara Diedhiou,0,71.4,0.0,33.3,0,55.6,92,0.2
203,Ferrán Torres,9,69.4,9.1,33.3,1,0.0,217,0.5
214,Gabriel Jesus,1,78.6,50.0,50.0,0,50.0,93,inf
215,Garang Kuol,0,60.0,0.0,100.0,0,33.3,37,inf
216,Gareth Bale,2,62.3,33.3,100.0,1,36.4,225,0.8
219,Georges-Kévin N'Koudou,2,75.0,0.0,100.0,0,0.0,27,0.0
224,Gio Reyna,2,68.4,,0.0,0,100.0,53,inf
229,Gonçalo Ramos,0,80.6,0.0,71.4,0,40.0,152,0.5333333333333333
236,Haji Wright,1,74.1,0.0,33.3,0,46.2,137,0.5
237,Hakim Ziyech,30,69.0,41.4,20.0,0,33.3,635,0.4
239,Haris Seferović,0,71.4,,0.0,0,0.0,71,inf
240,Harry Kane,6,63.3,50.0,50.0,1,40.9,402,1.35
247,Henry Martín,0,65.0,100.0,50.0,0,60.0,146,0.9
252,Hirving Lozano,24,54.5,50.0,50.0,0,9.1,252,inf
260,Hwang Ui-jo,0,81.8,100.0,0.0,0,7.7,106,inf
266,Iliman Ndiaye,2,78.1,75.0,0.0,0,0.0,135,inf
268,Ismail Mohamad,8,,,100.0,0,,174,0.0
269,Ismaila Sarr,8,64.2,47.4,10.0,1,50.0,344,1.7
271,Issam Jebali,2,71.4,50.0,33.3,0,11.8,182,inf
273,Ivan Perišić,27,69.2,46.2,25.0,0,54.8,669,0.9
274,Iñaki Williams,1,69.0,100.0,0.0,0,25.0,270,inf
275,Jack Grealish,0,88.9,33.3,100.0,0,0.0,86,0.6
281,Jamie Maclaren,2,46.7,,,0,20.0,55,0.0
284,Jason Cummings,0,66.7,0.0,,0,0.0,35,0.0
292,Jesús Ferreira,0,84.2,0.0,,0,,45,0.0
301,Joel Campbell,7,75.4,46.2,0.0,0,45.5,269,0.0
302,Johan Venegas,1,78.6,0.0,,0,0.0,73,0.0
304,Jonas Hofmann,0,80.0,0.0,100.0,0,0.0,30,inf
305,Jonathan David,0,68.3,0.0,12.5,0,33.3,192,inf
307,Jordan Ayew,8,76.1,14.3,100.0,0,0.0,136,inf
309,Jordan Morris,2,25.0,,,0,0.0,4,0.0
314,Josh Sargent,1,87.9,100.0,25.0,0,33.3,157,inf
322,João Félix,4,74.6,25.0,27.3,0,66.7,331,0.9
323,João Mário,2,92.5,0.0,,0,0.0,84,0.0
330,Julián Álvarez,3,76.9,0.0,72.7,0,16.7,464,0.65
332,Junior Hoilett,13,72.9,28.6,0.0,0,,161,inf
335,Kai Havertz,2,79.4,,60.0,0,0.0,102,0.7
339,Kamaldeen Sulemana,4,52.6,20.0,100.0,0,66.7,58,inf
343,Karim Ansarifard,0,80.0,,0.0,0,0.0,35,inf
345,Karl Toko Ekambi,3,81.1,25.0,50.0,0,20.0,166,inf
346,Karol Świderski,0,100.0,,,0,50.0,45,0.0
347,Kasper Dolberg,1,83.3,33.3,33.3,0,0.0,114,inf
353,Kevin De Bruyne,18,68.4,50.0,28.6,0,100.0,270,inf
354,Kevin Rodríguez,0,,,50.0,0,,2,0.0
358,Kieffer Moore,0,64.3,0.0,33.3,0,64.7,225,inf
365,Kingsley Coman,13,77.8,60.0,0.0,0,33.3,169,inf
368,Kristijan Jakić,0,,,,0,,1,0.0
370,Krzysztof Piątek,0,33.3,,0.0,0,25.0,28,0.0
371,Krépin Diatta,4,82.2,33.3,33.3,0,66.7,181,inf
372,Kudus Mohammed,6,71.3,66.7,50.0,0,0.0,247,0.4
373,Kwon Chang-hoon,3,76.0,,,0,0.0,56,0.0
377,Kylian Mbappé,25,75.5,48.1,37.9,2,20.0,598,0.65
378,Lautaro Martínez,0,74.2,40.0,28.6,0,50.0,241,inf
382,Leandro Trossard,2,75.4,0.0,,0,,103,0.0
386,Leroy Sané,2,81.0,50.0,0.0,0,50.0,111,inf
388,Lionel Messi,20,80.9,44.1,48.1,4,22.2,690,0.9428571428571428
391,Loïs Openda,1,60.0,100.0,,0,0.0,13,0.0
392,Lucas Cavallini,1,100.0,,,0,0.0,19,0.0
396,Luis Suárez,0,62.5,66.7,50.0,0,33.3,146,inf
397,Luka Jović,0,60.0,,0.0,0,25.0,36,inf
401,Luuk de Jong,0,66.7,0.0,0.0,0,50.0,57,inf
406,Marco Asensio,8,74.8,0.0,20.0,0,0.0,229,1.2
409,Marcus Rashford,1,74.2,55.6,54.5,0,25.0,140,0.5333333333333333
410,Marcus Thuram,1,69.2,50.0,0.0,0,47.1,151,inf
412,Mario Pašalić,1,80.0,0.0,0.0,0,50.0,271,inf
415,Marko Livaja,1,60.3,0.0,66.7,0,44.4,241,0.8
418,Martin Braithwaite,0,70.0,50.0,0.0,0,25.0,103,inf
420,Martinelli,5,75.6,30.0,75.0,0,0.0,113,inf
433,Mattéo Guendouzi,0,81.8,,,0,100.0,78,0.0
436,Maxi Gómez,0,71.4,,50.0,0,100.0,30,inf
438,Mehdi Taremi,0,74.4,11.1,20.0,1,41.7,270,0.65
440,Memphis,2,75.6,18.2,50.0,0,25.0,297,1.5
442,Michael Estrada,0,56.0,66.7,0.0,0,48.1,225,inf
445,Michy Batshuayi,0,66.7,33.3,33.3,0,33.3,151,0.8
452,Mislav Oršić,4,74.1,33.3,22.2,0,,162,0.4
453,Mitchell Duke,1,57.1,50.0,57.1,0,47.8,270,0.4
459,Mohammed Muntari,0,89.5,,33.3,0,75.0,63,0.2
465,Moumi Ngamaleu,1,84.0,50.0,,0,0.0,95,0.0
468,Na Sang-ho,8,64.9,0.0,100.0,0,50.0,119,0.0
472,Nasser Al-Dawsari,1,100.0,,,0,,5,0.0
483,Niclas Füllkrug,0,62.5,100.0,37.5,0,44.4,69,1.1
486,Nico Williams,6,79.4,31.3,0.0,0,33.3,146,inf
488,Nicolas Jackson,0,90.0,,,0,0.0,17,0.0
495,Nikola Vlašić,4,81.8,33.3,20.0,0,25.0,209,inf
497,Noah Okafor,0,77.3,0.0,0.0,0,,45,0.0
502,Olivier Giroud,0,64.9,,37.5,0,59.4,419,0.85
507,Ousmane Dembélé,19,75.4,39.1,25.0,0,66.7,433,inf
508,Pablo Sarabia,3,40.0,,0.0,0,,3,inf
516,Paulo Dybala,0,66.7,50.0,,0,75.0,18,0.0
518,Pedro,0,76.9,,25.0,0,0.0,64,inf
521,Phil Foden,14,76.9,50.0,16.7,0,37.5,258,1.1
527,Rafael Leão,6,68.1,66.7,40.0,0,100.0,88,0.2
528,Raheem Sterling,2,81.8,66.7,100.0,0,50.0,149,0.4
530,Randal Kolo Muani,1,56.8,37.5,50.0,0,64.3,182,1.1
533,Raphinha,22,74.0,26.7,75.0,0,0.0,315,inf
535,Raúl Jiménez,2,62.5,,,0,100.0,59,0.0
537,Renato Steffen,0,86.7,,,0,0.0,32,0.0
538,Ricardo Horta,5,67.4,,66.7,0,0.0,119,0.8
540,Richarlison,2,69.0,0.0,50.0,0,33.3,323,0.7000000000000001
542,Riley McGree,5,76.0,0.0,33.3,0,33.3,265,inf
543,Ritsu Doan,9,64.3,50.0,75.0,0,20.0,217,0.25
546,Robert Lewandowski,3,67.0,41.7,20.0,1,48.5,360,1.45
548,Roberto Alvarado,2,50.0,0.0,,0,100.0,18,0.0
553,Rogelio Funes Mori,0,,,0.0,0,,5,inf
556,Romelu Lukaku,0,66.7,100.0,40.0,0,100.0,55,inf
558,Ruben Vargas,15,68.4,14.3,33.3,0,33.3,285,inf
567,Saleh Al-Shehri,1,61.7,0.0,100.0,0,46.2,223,0.1
575,Sardar Azmoun,0,60.0,0.0,60.0,0,44.4,126,inf
581,Serge Gnabry,7,72.9,60.0,33.3,0,0.0,263,1.1
591,Sofiane Boufal,7,74.4,51.9,14.3,0,30.0,475,inf
593,Son Heung-min,21,67.0,20.0,33.3,0,0.0,360,inf
601,Steven Bergwijn,0,88.9,25.0,0.0,0,,213,inf
605,Taha Yassine Khenissi,0,33.3,,0.0,0,33.3,29,0.0
607,Takefusa Kubo,0,54.5,,,0,50.0,90,0.0
609,Takuma Asano,1,75.0,0.0,25.0,0,10.0,165,0.7
610,Takumi Minamino,3,63.6,,50.0,0,0.0,60,inf
621,Thomas Müller,5,71.8,,0.0,0,12.5,201,inf
623,Thorgan Hazard,9,69.0,0.0,,0,0.0,106,0.0
626,Timothy Weah,8,83.3,100.0,60.0,0,40.0,316,0.6
631,Uriel Antuna,7,60.0,0.0,50.0,0,0.0,77,inf
634,Vincent Aboubakar,0,64.5,71.4,50.0,0,40.0,142,0.3
635,Vincent Janssen,0,80.0,100.0,0.0,0,50.0,86,inf
636,Vinicius Júnior,12,75.6,33.3,44.4,0,,299,1.0
639,Wahbi Khazri,2,65.0,0.0,60.0,0,,83,0.4
641,Walid Cheddira,0,50.0,0.0,50.0,0,50.0,64,inf
649,Wout Weghorst,0,60.0,,100.0,0,50.0,64,0.1
651,Xavi Simons,0,60.0,,,0,100.0,9,0.0
652,Xherdan Shaqiri,15,64.4,0.0,50.0,0,20.0,229,0.3
656,Yannick Carrasco,2,84.8,33.3,0.0,0,,116,inf
662,Youssef En-Nesyri,0,61.7,62.5,33.3,0,60.0,542,0.6
666,Youssoufa Moukoko,1,50.0,,,0,,1,0.0
668,Yuki Soma,6,57.9,50.0,0.0,0,,81,inf
671,Zakaria Aboukhlal,1,50.0,0.0,66.7,0,100.0,79,1.0
672,Álvaro Morata,0,68.3,33.3,62.5,0,100.0,185,0.4666666666666666
