,player,tackles_won,dribble_tackles,dribbled_past,blocks,interceptions,clearances,ball_recoveries,aerials_won_pct,passes_pct,minutes
3,Abdelkarim Hassan,3,3.0,1.0,3.0,1,5.0,11.0,75.0,75.8,270
6,Abdou Diallo,2,2.0,0.0,1.0,1,10.0,17.0,53.8,74.7,331
9,Abdulelah Al-Amri,0,0.0,1.0,2.0,4,10.0,15.0,71.4,71.2,182
11,Abdullah Madu,0,0.0,0.0,3.0,0,2.0,2.0,50.0,38.5,45
13,Abolfazl Jalali,0,0.0,0.0,0.0,0,1.0,3.0,,69.0,19
14,Achraf Dari,0,1.0,2.0,7.0,5,9.0,10.0,50.0,89.2,187
15,Achraf Hakimi,17,17.0,11.0,7.0,9,12.0,46.0,38.5,81.7,631
24,Alejandro Balde,6,2.0,0.0,2.0,0,2.0,10.0,0.0,91.1,126
26,Alex Sandro,3,2.0,0.0,1.0,3,9.0,16.0,75.0,88.8,190
27,Alex Telles,2,1.0,0.0,0.0,0,1.0,1.0,50.0,78.6,59
28,Alexander Bah,4,2.0,1.0,2.0,2,0.0,3.0,100.0,69.8,46
29,Alexander Djiku,1,1.0,0.0,0.0,2,9.0,3.0,100.0,78.6,97
32,Ali Abdi,5,3.0,0.0,1.0,4,13.0,17.0,64.3,62.1,188
34,Ali Al-Bulaihi,2,2.0,2.0,1.0,3,1.0,5.0,50.0,80.4,216
38,Ali Maâloul,1,1.0,0.0,2.0,0,4.0,5.0,0.0,61.9,90
39,Alidu Seidu,4,2.0,0.0,5.0,0,3.0,6.0,100.0,75.6,155
43,Alistair Johnston,3,2.0,5.0,6.0,2,4.0,16.0,66.7,79.0,270
49,Andreas Christensen,2,2.0,0.0,7.0,4,9.0,20.0,60.0,94.4,270
54,Andrija Živković,3,2.0,1.0,5.0,3,3.0,11.0,50.0,74.0,210
65,Antonee Robinson,4,3.0,4.0,3.0,7,8.0,40.0,62.5,71.8,359
66,Antonio Rüdiger,1,0.0,0.0,3.0,0,5.0,20.0,85.7,90.9,270
68,António Silva,1,1.0,1.0,2.0,1,1.0,4.0,33.3,96.8,90
72,Artur Jędrzejczyk,0,0.0,0.0,0.0,0,1.0,0.0,,75.0,19
78,Axel Disasi,2,0.0,2.0,0.0,3,4.0,4.0,100.0,78.2,92
81,Aymeric Laporte,0,1.0,0.0,0.0,3,7.0,17.0,62.5,94.3,300
82,Aziz Behich,3,5.0,1.0,6.0,3,12.0,22.0,50.0,74.9,360
85,Baba Rahman,3,3.0,0.0,1.0,1,3.0,6.0,33.3,66.0,183
86,Badr Banoun,0,0.0,0.0,1.0,1,3.0,2.0,0.0,95.5,54
87,Bailey Wright,0,0.0,0.0,0.0,0,2.0,0.0,25.0,33.3,17
89,Bartosz Bereszyński,2,3.0,3.0,4.0,2,17.0,15.0,66.7,78.2,341
90,Bassam Al-Rawi,0,0.0,1.0,0.0,0,7.0,3.0,100.0,82.5,90
91,Ben Davies,2,2.0,0.0,4.0,1,8.0,20.0,63.6,75.8,238
92,Benjamin Pavard,0,0.0,0.0,3.0,1,0.0,5.0,,91.1,88
95,Borna Barišić,1,1.0,0.0,1.0,0,4.0,3.0,75.0,72.5,120
96,Borna Sosa,6,10.0,2.0,4.0,2,18.0,14.0,50.0,79.1,424
97,Boualem Khoukhi,2,1.0,1.0,6.0,3,18.0,16.0,46.2,85.8,270
107,Bryan Oviedo,5,4.0,2.0,3.0,3,7.0,14.0,100.0,75.3,260
111,Cameron Carter-Vickers,0,0.0,0.0,1.0,0,4.0,4.0,50.0,86.2,90
113,Carlos Martínez,1,1.0,1.0,1.0,1,1.0,3.0,100.0,66.7,45
122,Chris Mepham,6,5.0,1.0,3.0,1,16.0,8.0,77.8,82.0,270
128,Christopher Wooh,0,1.0,1.0,3.0,1,6.0,0.0,,80.6,90
130,Collins Fai,2,3.0,3.0,2.0,4,7.0,21.0,50.0,67.8,270
131,Connor Roberts,3,2.0,1.0,2.0,1,7.0,8.0,50.0,78.0,200
133,Cristian Romero,3,4.0,4.0,6.0,4,26.0,35.0,60.0,89.9,547
136,César Azpilicueta,0,0.0,0.0,2.0,1,0.0,5.0,50.0,94.5,135
137,César Montes,3,3.0,0.0,0.0,2,11.0,13.0,58.3,80.7,270
140,Daley Blind,9,6.0,3.0,6.0,5,4.0,24.0,41.7,84.0,423
142,Dani Alves,4,2.0,3.0,1.0,2,2.0,9.0,50.0,85.6,118
143,Dani Carvajal,1,0.0,2.0,0.0,2,1.0,9.0,0.0,89.6,135
145,Daniel Amartey,4,2.0,0.0,4.0,3,12.0,15.0,55.6,90.8,251
149,Danilo,2,2.0,1.0,2.0,3,5.0,17.0,80.0,85.5,281
150,Danilo Pereira,2,2.0,0.0,1.0,3,3.0,4.0,83.3,87.2,90
152,Darko Lazović,0,0.0,0.0,0.0,0,0.0,0.0,,58.3,25
154,David Raum,3,3.0,3.0,10.0,7,2.0,12.0,62.5,78.5,242
157,Dayot Upamecano,7,6.0,0.0,5.0,6,13.0,33.0,50.0,89.5,480
158,DeAndre Yedlin,1,2.0,0.0,0.0,0,2.0,1.0,100.0,67.9,33
160,Dejan Lovren,2,3.0,2.0,7.0,6,29.0,31.0,73.9,88.0,600
161,Denis Odoi,0,1.0,0.0,2.0,0,2.0,0.0,0.0,100.0,13
163,Denzel Dumfries,5,5.0,1.0,5.0,7,6.0,16.0,47.4,68.7,479
165,Diego Godín,0,0.0,0.0,0.0,1,9.0,6.0,80.0,84.5,151
167,Diogo Dalot,6,8.0,0.0,7.0,2,1.0,13.0,66.7,76.2,258
174,Dylan Bronn,2,3.0,0.0,2.0,0,0.0,7.0,33.3,76.5,162
181,Eduardo Camavinga,9,4.0,1.0,4.0,3,6.0,15.0,100.0,88.0,140
186,Enzo Ebosse,2,1.0,0.0,1.0,0,5.0,1.0,100.0,89.5,90
188,Eray Cömert,0,0.0,1.0,1.0,2,2.0,4.0,,90.5,46
189,Eric Dier,1,0.0,0.0,0.0,0,0.0,3.0,50.0,97.6,36
197,Fabian Schär,1,1.0,0.0,1.0,2,7.0,7.0,50.0,79.3,135
204,Filip Kostić,3,2.0,0.0,3.0,0,1.0,12.0,,63.7,179
205,Filip Mladenović,0,0.0,2.0,1.0,0,1.0,4.0,100.0,80.0,65
208,Fodé Ballo-Touré,0,0.0,0.0,1.0,0,0.0,0.0,100.0,62.5,7
209,Fran Karačić,1,1.0,0.0,2.0,2,3.0,9.0,50.0,61.1,93
210,Francisco Calvo,4,4.0,3.0,3.0,2,2.0,12.0,66.7,82.7,180
213,Félix Torres Caicedo,2,2.0,1.0,3.0,4,10.0,17.0,69.2,80.8,270
220,Germán Pezzella,0,0.0,0.0,0.0,0,0.0,1.0,0.0,93.3,60
223,Gideon Mensah,1,1.0,0.0,1.0,2,5.0,4.0,66.7,78.3,87
226,Gleison Bremer,1,0.0,1.0,1.0,1,6.0,9.0,100.0,92.9,109
227,Gonzalo Montiel,2,2.0,2.0,1.0,1,1.0,3.0,33.3,85.2,118
235,Guillermo Varela,2,3.0,1.0,1.0,3,1.0,8.0,33.3,67.4,183
241,Harry Maguire,3,1.0,1.0,4.0,4,18.0,17.0,75.0,87.0,429
242,Harry Souttar,0,2.0,1.0,7.0,6,22.0,17.0,66.7,82.6,360
244,Hassan Al Tambakti,2,3.0,2.0,3.0,3,6.0,9.0,50.0,72.7,180
250,Hiroki Ito,0,0.0,0.0,0.0,0,0.0,2.0,100.0,92.1,45
253,Homam Ahmed,2,1.0,2.0,0.0,2,1.0,14.0,71.4,73.3,262
254,Hong Chul,0,0.0,0.0,2.0,1,1.0,2.0,100.0,85.0,45
256,Hossein Kanaanizadegan,0,0.0,2.0,1.0,1,2.0,1.0,,72.7,45
262,Héctor Moreno,1,1.0,0.0,2.0,1,4.0,14.0,38.5,84.6,270
263,Ibrahima Konaté,6,5.0,0.0,5.0,7,16.0,14.0,83.3,91.5,294
267,Ismail Jakobs,0,0.0,1.0,3.0,4,14.0,9.0,72.7,68.6,278
277,Jackson Porozo,2,0.0,0.0,1.0,3,4.0,2.0,100.0,88.6,96
279,Jakub Kiwior,1,1.0,0.0,4.0,4,15.0,11.0,42.9,84.9,355
282,Jan Bednarek,0,0.0,0.0,0.0,0,0.0,1.0,,100.0,5
283,Jan Vertonghen,0,0.0,1.0,2.0,5,12.0,15.0,68.8,88.5,270
285,Jawad El Yamiq,2,3.0,0.0,6.0,5,17.0,20.0,85.7,89.0,309
286,Jean-Charles Castelletto,3,0.0,1.0,2.0,6,12.0,9.0,75.0,80.5,180
293,Jesús Gallardo,5,3.0,5.0,5.0,1,10.0,14.0,100.0,69.4,270
296,Joachim Andersen,2,0.0,2.0,2.0,0,12.0,15.0,55.6,79.2,270
297,Joakim Mæhle,5,5.0,2.0,7.0,2,6.0,10.0,10.0,81.5,249
300,Joe Rodon,2,1.0,1.0,2.0,4,13.0,10.0,45.5,89.9,270
303,John Stones,2,2.0,0.0,3.0,1,8.0,17.0,60.0,95.8,434
312,Jordi Alba,4,2.0,3.0,2.0,3,2.0,20.0,0.0,88.2,264
313,Jorge Eduardo Sánchez,0,1.0,0.0,2.0,3,8.0,6.0,60.0,79.3,175
316,Josip Juranović,8,8.0,0.0,5.0,3,15.0,40.0,33.3,78.5,600
317,Josip Stanišić,3,2.0,0.0,0.0,1,0.0,4.0,100.0,73.5,90
318,Josip Šutalo,0,0.0,0.0,1.0,0,5.0,3.0,0.0,93.9,90
320,José María Giménez,1,2.0,5.0,6.0,7,11.0,13.0,72.7,81.0,270
321,João Cancelo,3,4.0,1.0,1.0,2,8.0,24.0,90.9,81.5,310
325,Joško Gvardiol,6,5.0,3.0,8.0,11,37.0,48.0,37.5,89.4,690
326,Juan Foyth,0,0.0,0.0,0.0,0,0.0,0.0,,75.0,5
327,Juan Pablo Vargas,3,3.0,0.0,0.0,2,10.0,5.0,100.0,79.2,90
329,Jules Koundé,8,7.0,5.0,7.0,5,8.0,25.0,38.5,81.0,480
334,Jurriën Timber,6,6.0,0.0,1.0,10,13.0,30.0,57.1,90.4,390
336,Kalidou Koulibaly,9,7.0,4.0,4.0,2,30.0,28.0,68.8,76.1,360
338,Kamal Miller,4,2.0,1.0,1.0,4,11.0,14.0,58.3,90.7,270
340,Kamil Glik,1,2.0,1.0,2.0,3,23.0,11.0,57.1,90.8,360
351,Kendall Waston,4,3.0,1.0,2.0,5,14.0,10.0,57.1,80.3,225
355,Kevin Álvarez,0,1.0,0.0,2.0,1,2.0,4.0,0.0,65.5,70
357,Keysher Fuller,4,3.0,4.0,2.0,3,9.0,11.0,0.0,69.8,253
359,Kieran Trippier,4,5.0,1.0,3.0,1,4.0,11.0,80.0,84.6,206
360,Kim Jin-su,5,5.0,1.0,2.0,3,5.0,12.0,71.4,71.9,315
361,Kim Min-jae,1,1.0,0.0,5.0,2,8.0,14.0,90.9,87.4,269
362,Kim Moonhwan,4,5.0,1.0,3.0,4,16.0,16.0,66.7,83.1,360
364,Kim Young-gwon,2,1.0,1.0,3.0,3,11.0,13.0,75.0,85.2,350
366,Ko Itakura,5,3.0,1.0,1.0,4,16.0,13.0,0.0,88.3,270
374,Kwon Kyung-won,0,0.0,0.0,1.0,2,5.0,2.0,50.0,90.7,91
375,Kye Rowles,2,4.0,3.0,9.0,7,16.0,12.0,66.7,88.2,360
376,Kyle Walker,1,3.0,2.0,2.0,3,3.0,10.0,66.7,89.5,236
380,Leander Dendoncker,3,4.0,0.0,4.0,0,5.0,6.0,66.7,97.5,161
387,Liam Millar,0,0.0,0.0,0.0,0,0.0,0.0,,44.4,10
389,Lisandro Martínez,2,2.0,0.0,3.0,3,14.0,6.0,50.0,85.3,303
393,Lucas Hernández,1,1.0,1.0,0.0,0,0.0,1.0,,50.0,12
399,Lukas Klostermann,1,2.0,1.0,0.0,0,1.0,6.0,,98.1,66
400,Luke Shaw,1,1.0,1.0,2.0,4,5.0,21.0,25.0,83.8,424
402,Majid Hosseini,4,6.0,3.0,3.0,6,11.0,22.0,60.0,81.1,270
403,Manuel Akanji,2,3.0,1.0,4.0,3,12.0,18.0,81.8,88.4,360
407,Marcos Acuña,8,6.0,1.0,8.0,2,9.0,16.0,41.7,77.0,373
408,Marcos Llorente,0,0.0,4.0,0.0,0,0.0,9.0,0.0,89.6,120
416,Marquinhos,4,4.0,1.0,6.0,2,6.0,28.0,50.0,95.7,426
421,Martín Cáceres,0,0.0,2.0,0.0,0,2.0,3.0,100.0,86.1,90
428,Mathías Olivera,5,4.0,3.0,9.0,2,10.0,15.0,60.0,78.2,253
430,Matthias Ginter,0,0.0,0.0,0.0,0,0.0,0.0,0.0,100.0,1
431,Matthijs de Ligt,0,0.0,0.0,0.0,0,4.0,3.0,71.4,91.1,91
432,Matty Cash,3,3.0,3.0,7.0,0,17.0,10.0,66.7,76.9,360
435,Matías Viña,3,2.0,0.0,0.0,0,0.0,1.0,,52.4,17
437,Maya Yoshida,4,1.0,0.0,6.0,3,24.0,30.0,58.8,85.3,390
446,Miki Yamane,0,0.0,0.0,2.0,2,0.0,5.0,0.0,72.7,61
448,Milad Mohammadi,3,3.0,1.0,2.0,1,6.0,11.0,50.0,64.7,196
450,Miloš Degenek,4,5.0,1.0,2.0,1,9.0,15.0,85.7,66.3,183
451,Miloš Veljković,1,2.0,0.0,2.0,0,7.0,12.0,66.7,87.5,221
455,Mohamed Dräger,3,4.0,0.0,0.0,1,4.0,2.0,50.0,72.0,132
457,Mohammed Al-Breik,0,0.0,0.0,2.0,1,4.0,3.0,20.0,81.3,65
460,Mohammed Salisu,1,1.0,0.0,5.0,3,17.0,15.0,50.0,72.2,270
463,Montassar Talbi,2,0.0,0.0,7.0,2,18.0,16.0,47.1,86.1,270
464,Morteza Pouraliganji,2,1.0,1.0,5.0,6,10.0,16.0,60.0,71.9,270
467,Musab Kheder,1,0.0,0.0,0.0,0,0.0,0.0,,100.0,6
469,Nader Ghandri,2,1.0,0.0,4.0,1,4.0,2.0,66.7,81.8,90
470,Nahuel Molina,4,4.0,4.0,7.0,3,11.0,23.0,0.0,81.3,567
473,Nathan Aké,3,3.0,0.0,3.0,8,20.0,21.0,45.5,90.3,479
474,Nathaniel Atkinson,3,4.0,2.0,1.0,1,2.0,6.0,,79.4,84
476,Nayef Aguerd,2,2.0,0.0,3.0,4,12.0,18.0,71.4,86.7,353
478,Neco Williams,3,3.0,1.0,5.0,4,5.0,16.0,66.7,68.3,204
481,Nemanja Radonjić,0,0.0,1.0,0.0,0,1.0,6.0,0.0,62.5,60
484,Nico Elvedi,0,1.0,2.0,5.0,1,13.0,15.0,40.0,92.3,180
485,Nico Schlotterbeck,3,3.0,0.0,2.0,1,1.0,10.0,100.0,89.4,94
489,Nicolas Nkoulou,0,0.0,2.0,2.0,5,8.0,11.0,33.3,86.8,180
491,Nicolás Otamendi,6,5.0,2.0,6.0,9,24.0,39.0,61.8,92.2,690
492,Nicolás Tagliafico,7,4.0,0.0,9.0,9,9.0,12.0,80.0,81.5,373
493,Niklas Süle,4,3.0,0.0,1.0,0,7.0,17.0,66.7,90.6,269
494,Nikola Milenković,5,5.0,1.0,6.0,6,10.0,18.0,75.0,86.5,270
498,Nouhou Tolo,5,3.0,2.0,5.0,6,10.0,17.0,57.1,76.1,270
499,Noussair Mazraoui,9,8.0,3.0,6.0,1,16.0,21.0,25.0,81.0,365
500,Nuno Mendes,0,0.0,0.0,1.0,2,0.0,2.0,100.0,90.6,41
501,Néstor Araujo,1,1.0,0.0,0.0,3,1.0,6.0,,83.0,90
510,Pape Abou Cissé,0,0.0,0.0,2.0,2,6.0,2.0,40.0,75.7,105
515,Pau Torres,0,0.0,0.0,1.0,0,2.0,6.0,50.0,91.1,90
519,Pepe,0,3.0,1.0,6.0,6,11.0,28.0,64.3,82.4,360
520,Pervis Estupiñán,3,2.0,4.0,4.0,3,6.0,21.0,50.0,77.9,270
522,Piero Hincapié,4,2.0,1.0,2.0,2,9.0,13.0,62.5,84.0,270
529,Ramin Rezaeian,5,3.0,4.0,1.0,3,2.0,22.0,14.3,69.5,180
531,Raphaël Guerreiro,2,1.0,1.0,3.0,3,2.0,17.0,66.7,84.3,279
532,Raphaël Varane,0,0.0,2.0,4.0,6,15.0,17.0,44.4,89.5,518
534,Rasmus Nissen,7,4.0,4.0,3.0,1,7.0,15.0,75.0,76.5,224
539,Ricardo Rodríguez,2,2.0,1.0,1.0,0,8.0,16.0,83.3,71.6,359
541,Richie Laryea,1,2.0,0.0,2.0,0,3.0,11.0,0.0,74.5,160
547,Robert Skov,0,0.0,0.0,0.0,0,0.0,2.0,0.0,81.0,22
549,Rodri,2,2.0,0.0,3.0,3,9.0,35.0,76.2,93.2,390
554,Romain Saïss,2,2.0,3.0,3.0,3,30.0,28.0,100.0,79.9,466
557,Roozbeh Cheshmi,0,0.0,0.0,1.0,2,3.0,4.0,33.3,63.6,58
560,Ró-Ró,4,1.0,1.0,2.0,8,3.0,14.0,60.0,72.2,262
561,Rónald Matarrita,0,0.0,0.0,1.0,0,0.0,4.0,,62.1,26
562,Rúben Dias,4,0.0,1.0,2.0,3,9.0,15.0,62.5,90.5,360
565,Sadegh Moharrami,1,0.0,2.0,1.0,1,3.0,6.0,33.3,69.2,90
571,Sam Adekugbe,0,0.0,0.0,1.0,1,1.0,3.0,100.0,88.7,95
576,Saud Abdulhamid,2,2.0,0.0,3.0,2,6.0,14.0,40.0,72.1,270
579,Sebastián Coates,0,0.0,0.0,3.0,1,6.0,9.0,100.0,81.7,180
585,Sergiño Dest,2,2.0,1.0,3.0,2,7.0,13.0,25.0,86.0,305
586,Shaquell Moore,2,2.0,0.0,0.0,0,3.0,2.0,100.0,66.7,22
587,Shogo Taniguchi,0,0.0,0.0,2.0,1,10.0,8.0,72.7,84.7,210
589,Silvan Widmer,6,6.0,0.0,3.0,2,15.0,13.0,75.0,75.1,265
590,Simon Kjær,0,0.0,0.0,1.0,5,2.0,6.0,75.0,84.7,64
596,Srđan Babić,0,1.0,2.0,0.0,0,1.0,1.0,,62.5,13
597,Stefan Mitrović,0,0.0,2.0,0.0,0,0.0,1.0,0.0,85.7,35
602,Steven Vitória,3,3.0,0.0,4.0,0,7.0,18.0,66.7,86.0,270
603,Strahinja Pavlović,2,3.0,3.0,6.0,1,7.0,18.0,85.7,77.6,235
604,Sultan Al-Ghanam,0,0.0,1.0,3.0,2,3.0,4.0,,65.4,126
608,Takehiro Tomiyasu,0,0.0,0.0,2.0,0,7.0,12.0,60.0,70.9,187
611,Tarek Salman,0,0.0,0.0,0.0,1,0.0,1.0,,70.0,8
612,Tariq Lamptey,1,3.0,1.0,1.0,1,4.0,8.0,0.0,61.8,102
614,Theo Hernández,13,10.0,5.0,5.0,4,8.0,30.0,66.7,85.3,508
616,Thiago Silva,1,0.0,0.0,3.0,5,6.0,17.0,60.0,93.6,390
618,Thilo Kehrer,2,3.0,0.0,1.0,3,2.0,3.0,,75.9,69
620,Thomas Meunier,6,4.0,1.0,1.0,2,5.0,13.0,40.0,74.8,211
624,Tim Ream,3,3.0,0.0,2.0,4,12.0,19.0,42.9,88.8,360
625,Timothy Castagne,4,4.0,2.0,1.0,2,4.0,9.0,40.0,87.1,270
627,Toby Alderweireld,2,2.0,3.0,3.0,0,19.0,9.0,33.3,90.8,270
628,Trent Alexander-Arnold,0,0.0,0.0,1.0,0,0.0,1.0,,91.3,34
633,Victor Nelsson,0,0.0,1.0,2.0,2,1.0,3.0,57.1,93.2,90
637,Virgil van Dijk,1,1.0,1.0,8.0,4,21.0,31.0,61.9,87.4,480
640,Wajdi Kechrida,3,1.0,0.0,3.0,0,4.0,6.0,33.3,63.8,111
642,Walker Zimmerman,2,3.0,1.0,4.0,4,15.0,17.0,61.5,88.9,279
647,William Saliba,0,0.0,0.0,1.0,0,0.0,3.0,,100.0,28
653,Yahya Attiat Allah,2,3.0,4.0,4.0,0,15.0,21.0,0.0,71.5,318
657,Yasser Al-Shahrani,1,1.0,0.0,0.0,6,6.0,5.0,,44.8,89
659,Yassine Meriah,2,3.0,5.0,5.0,1,20.0,16.0,45.5,81.3,270
665,Youssouf Sabaly,6,3.0,2.0,1.0,4,9.0,27.0,57.1,86.3,360
667,Youstin Salas,1,3.0,4.0,3.0,0,1.0,5.0,100.0,78.9,47
676,Ángelo Preciado,5,2.0,2.0,2.0,6,4.0,10.0,60.0,72.9,264
677,Éder Militão,6,3.0,1.0,1.0,3,5.0,29.0,44.4,90.6,347
678,Óscar Duarte,2,2.0,0.0,3.0,6,15.0,9.0,40.0,69.4,270
