,player,minutes,gk_goals_against_per90,gk_save_pct,gk_clean_sheets_pct,gk_pens_save_pct,gk_crosses_stopped_pct,gk_def_actions_outside_pen_area_per90,gk_passes_completed_launched,gk_passes_pct_launched
0,Aimen Dahmen,270,0.33,90.0,66.7,,0.0,0.0,15,36.6
1,Alireza Beiranvand,109,0.83,80.0,0.0,,0.0,0.0,5,31.3
2,Alisson,379,0.47,71.4,50.0,,0.0,1.81,5,35.7
3,Andries Noppert,480,0.75,86.4,40.0,0.0,9.5,1.0,22,40.0
4,André Onana,80,1.13,66.7,0.0,,0.0,0.0,6,30.0
5,Danny Ward,94,4.79,44.4,0.0,,7.1,0.96,12,44.4
6,Devis Epassy,180,1.5,75.0,50.0,,7.5,0.0,23,48.9
7,Diogo Costa,450,1.2,64.7,20.0,,6.4,1.6,13,25.0
8,Dominik Livaković,690,0.91,80.6,28.6,0.0,8.1,0.43,31,49.2
9,Ederson,90,1.0,66.7,0.0,,0.0,2.0,3,75.0
10,Edouard Mendy,360,1.75,50.0,0.0,,4.7,0.5,15,34.1
11,Emiliano Martínez,690,1.04,53.8,42.9,0.0,13.8,0.57,15,19.2
12,Gregor Kobel,90,2.0,50.0,0.0,,0.0,0.0,1,11.1
13,Guillermo Ochoa,270,1.0,50.0,33.3,100.0,0.0,1.0,10,41.7
14,Hernán Galíndez,270,1.0,50.0,33.3,0.0,3.8,0.67,11,27.5
15,Hossein Hosseini,161,3.35,40.0,100.0,,14.8,0.0,8,26.7
16,Hugo Lloris,570,1.11,83.3,16.7,0.0,10.0,0.83,34,34.0
17,Jordan Pickford,450,0.8,72.7,60.0,0.0,5.1,1.0,20,39.2
18,Kasper Schmeichel,270,1.0,72.7,33.3,,0.0,1.67,9,37.5
19,Keylor Navas,270,3.67,54.5,33.3,0.0,3.9,0.67,20,34.5
20,Kim Seung-gyu,360,2.0,63.2,25.0,0.0,6.4,1.25,11,26.2
21,Lawrence Ati-Zigi,270,2.33,64.7,0.0,0.0,3.4,0.33,13,36.1
22,Manuel Neuer,270,1.67,61.5,0.0,,0.0,2.0,7,46.7
23,Mathew Ryan,360,1.5,66.7,50.0,,4.8,1.5,38,44.7
24,Matt Turner,360,1.0,75.0,50.0,0.0,16.7,1.25,13,34.2
25,Meshaal Barsham,180,2.5,44.4,0.0,,4.5,1.0,6,31.6
26,Milan Borjan,270,2.33,53.3,0.0,,0.0,0.67,11,37.9
27,Mohammed Al-Owais,270,1.67,78.9,0.0,0.0,7.3,4.67,16,30.2
28,Munir,90,0.0,100.0,100.0,,0.0,0.0,5,38.5
29,Saad Al Sheeb,90,2.0,66.7,0.0,0.0,0.0,1.0,2,66.7
30,Sergio Rochet,270,0.67,85.7,66.7,50.0,6.1,0.67,6,22.2
31,Shūichi Gonda,390,0.92,84.2,0.0,0.0,6.6,0.0,12,22.2
32,Steve Mandanda,90,1.0,66.7,0.0,,5.3,0.0,1,8.3
33,Thibaut Courtois,270,0.67,81.8,66.7,100.0,2.8,0.67,10,43.5
34,Unai Simón,390,0.69,66.7,50.0,,18.2,1.5,7,63.6
35,Vanja Milinković-Savić,270,2.67,66.7,0.0,,10.7,2.67,17,34.0
36,Wayne Hennessey,175,0.51,80.0,0.0,,5.9,0.51,11,42.3
37,Wojciech Szczęsny,360,1.25,82.1,50.0,100.0,1.5,0.0,40,42.1
38,Wéverton,11,0.0,,,,,0.0,2,50.0
39,Yann Sommer,270,2.33,63.2,33.3,,4.1,0.33,5,41.7
40,Yassine Bounou,570,0.79,54.5,50.0,,5.4,1.0,32,40.5
