,player,tackles_won,interceptions,crosses,ball_recoveries,passes_pct_short,passes_pct_medium,passes_pct_long,passes_into_final_third,dribbles_completed_pct,aerials_won_pct,minutes
0,Aaron Mooy,6,3,10,35.0,86.7,80.8,58.1,22.0,66.7,40.0,360
1,Aaron Ramsey,0,0,5,19.0,90.2,77.1,78.3,7.0,25.0,0.0,266
2,Abdelhamid Sabiri,1,5,1,7.0,90.9,53.8,70.0,3.0,0.0,50.0,181
8,Abdulaziz Hatem,1,1,1,4.0,86.8,77.3,66.7,3.0,100.0,33.3,196
10,Abdulellah Al-Malki,1,2,1,9.0,93.8,73.8,57.1,3.0,,0.0,174
12,Abdulrahman Al-Aboud,3,0,2,1.0,100.0,40.0,,0.0,0.0,50.0,35
16,Adrien Rabiot,9,10,7,30.0,89.0,88.3,69.2,36.0,40.0,65.2,483
17,Agustín Canobbio,1,0,0,2.0,75.0,0.0,100.0,1.0,,0.0,11
18,Ahmad Nourollahi,3,6,3,15.0,76.2,61.9,33.3,3.0,50.0,100.0,223
21,Ajdin Hrustic,0,1,1,3.0,90.9,80.0,33.3,1.0,25.0,0.0,62
23,Alan Franco,0,2,0,1.0,100.0,100.0,,0.0,,50.0,46
30,Alexis Mac Allister,4,3,1,40.0,90.7,90.8,69.2,12.0,50.0,29.4,550
33,Ali Al Hassan,1,0,1,1.0,75.0,50.0,,2.0,,,45
35,Ali Assadalla,0,0,0,1.0,100.0,71.4,,0.0,100.0,,27
36,Ali Gholizadeh,0,3,4,21.0,76.9,65.0,22.2,4.0,50.0,0.0,199
37,Ali Karimi,3,3,2,6.0,85.7,80.0,57.1,4.0,,60.0,99
41,Alireza Jahanbakhsh,1,1,1,1.0,80.0,66.7,,1.0,100.0,0.0,59
45,Alphonso Davies,1,3,10,14.0,86.8,82.1,22.2,2.0,45.8,60.0,270
46,Amadou Onana,1,0,0,7.0,96.4,93.1,66.7,3.0,100.0,100.0,104
48,Andre-Frank Zambo Anguissa,0,5,2,16.0,94.0,88.2,60.0,14.0,80.0,100.0,260
55,André Ayew,1,0,0,6.0,81.8,81.8,100.0,0.0,0.0,18.8,198
58,Andrés Guardado,2,0,0,5.0,100.0,71.4,33.3,2.0,,,41
59,Anis Ben Slimane,1,1,8,5.0,77.3,76.9,28.6,1.0,0.0,62.5,148
63,Antoine Griezmann,8,8,40,34.0,91.1,79.5,63.6,26.0,36.4,55.6,537
69,Ao Tanaka,1,3,2,9.0,65.4,77.4,50.0,2.0,0.0,75.0,171
74,Assim Madibo,3,2,0,15.0,88.9,81.8,80.0,7.0,,100.0,153
75,Atiba Hutchinson,1,1,0,10.0,90.5,97.1,75.0,12.0,100.0,100.0,159
76,Aurélien Tchouaméni,4,14,3,44.0,93.4,93.2,72.1,48.0,60.0,71.4,621
77,Awer Mabil,0,1,0,2.0,77.8,100.0,0.0,0.0,0.0,0.0,24
79,Axel Witsel,2,4,0,12.0,97.4,95.7,85.7,9.0,,66.7,270
83,Azzedine Ounahi,8,7,3,38.0,89.3,85.1,65.0,20.0,76.9,25.0,568
84,Aïssa Laïdouni,3,4,3,25.0,83.3,87.5,58.3,16.0,25.0,75.0,243
93,Bernardo Silva,2,2,5,32.0,93.5,94.6,66.7,16.0,25.0,33.3,356
94,Bilal El Khannous,0,0,0,0.0,88.9,100.0,100.0,1.0,0.0,0.0,55
99,Brandon Aguilera,0,1,1,8.0,75.0,100.0,25.0,1.0,66.7,66.7,90
101,Brenden Aaronson,2,1,3,9.0,88.9,93.3,0.0,3.0,18.2,0.0,108
104,Bruno Guimarães,0,0,3,6.0,92.0,81.3,71.4,3.0,100.0,100.0,69
108,Bryan Ruiz,1,0,0,1.0,100.0,75.0,0.0,0.0,100.0,50.0,30
112,Carlos Gruezo,2,0,0,2.0,100.0,100.0,100.0,0.0,,0.0,45
114,Carlos Soler,0,0,3,3.0,97.4,96.8,88.9,12.0,50.0,0.0,92
115,Casemiro,4,7,2,22.0,84.1,91.3,63.0,23.0,33.3,50.0,390
116,Celso Borges,1,4,2,17.0,85.7,84.4,63.6,11.0,100.0,100.0,249
118,Charly Rodríguez,0,0,1,6.0,80.0,69.2,80.0,2.0,100.0,0.0,34
119,Cheikhou Kouyaté,0,2,2,5.0,85.7,100.0,50.0,1.0,100.0,33.3,72
123,Christian Bassogog,0,1,2,2.0,66.7,100.0,,0.0,50.0,,24
124,Christian Eriksen,0,0,30,30.0,90.6,92.6,60.0,20.0,0.0,0.0,270
126,Christian Nørgaard,0,0,0,2.0,90.9,100.0,,4.0,,,6
132,Craig Goodwin,3,0,18,14.0,78.4,58.6,44.4,6.0,,16.7,234
141,Damian Szymański,0,1,0,0.0,100.0,100.0,100.0,0.0,,,29
146,Daniel Chacón,0,0,0,0.0,100.0,,,0.0,,100.0,1
148,Daniel Kyereh,2,0,5,3.0,100.0,100.0,16.7,2.0,100.0,0.0,33
155,David Wotherspoon,0,0,1,3.0,100.0,50.0,0.0,1.0,100.0,,15
156,Davy Klaassen,2,1,2,14.0,81.3,73.9,100.0,6.0,0.0,50.0,190
159,Declan Rice,5,11,4,29.0,99.2,92.3,85.3,18.0,0.0,50.0,417
162,Denis Zakaria,0,3,0,5.0,83.3,88.9,100.0,3.0,0.0,33.3,59
168,Djibril Sow,1,2,1,9.0,85.7,95.2,87.5,5.0,0.0,33.3,264
171,Dries Mertens,0,0,5,2.0,72.7,100.0,50.0,1.0,100.0,,76
172,Dušan Tadić,2,1,17,10.0,84.7,77.5,35.3,8.0,50.0,,257
175,Eden Hazard,0,1,1,7.0,89.7,77.8,66.7,5.0,50.0,50.0,124
180,Edson Álvarez,2,4,0,10.0,87.3,76.2,30.8,3.0,100.0,68.8,175
182,Ehsan Hajsafi,3,2,11,10.0,65.8,86.7,26.1,6.0,0.0,100.0,237
183,Ellyes Skhiri,3,7,2,18.0,95.7,88.1,63.2,14.0,33.3,100.0,270
187,Enzo Fernández,15,3,2,39.0,90.8,89.8,72.7,43.0,50.0,75.0,564
191,Erick Gutiérrez,1,2,0,3.0,92.9,91.7,0.0,2.0,0.0,100.0,49
192,Ethan Ampadu,3,4,2,16.0,79.2,86.4,63.6,16.0,66.7,37.5,255
193,Everton Ribeiro,0,0,2,0.0,83.3,100.0,0.0,2.0,0.0,,36
194,Exequiel Palacios,0,2,0,6.0,94.1,100.0,0.0,5.0,0.0,0.0,50
195,Fabian Frei,1,1,0,2.0,100.0,71.4,0.0,0.0,,0.0,25
198,Fabinho,2,1,0,9.0,96.2,86.4,100.0,4.0,,14.3,90
199,Facundo Pellistri,1,0,3,9.0,84.2,68.4,66.7,1.0,0.0,0.0,181
201,Federico Valverde,4,5,7,19.0,93.2,86.3,67.6,21.0,25.0,25.0,270
202,Ferjani Sassi,0,1,0,5.0,71.4,94.4,50.0,5.0,66.7,100.0,48
206,Filip Đuričić,0,0,0,0.0,66.7,100.0,,0.0,,66.7,14
207,Firas Al-Buraikan,3,2,2,7.0,88.2,61.5,100.0,1.0,14.3,41.7,268
211,Fred,3,0,0,7.0,88.9,79.3,100.0,6.0,,0.0,142
212,Frenkie de Jong,5,6,3,30.0,89.9,94.5,76.0,23.0,50.0,88.9,475
217,Gavi,4,1,4,7.0,95.1,93.9,54.5,6.0,42.9,28.6,284
218,Gaël Ondoua,1,2,0,2.0,77.8,100.0,100.0,3.0,,33.3,47
221,Gerson Torres,0,0,0,4.0,100.0,100.0,,0.0,0.0,,64
222,Ghaylène Chaalali,0,2,0,2.0,0.0,100.0,,1.0,,100.0,17
225,Giorgian De Arrascaeta,1,2,6,7.0,85.0,62.5,16.7,3.0,0.0,0.0,108
228,Gonzalo Plata,2,2,17,10.0,94.1,70.0,29.4,3.0,33.3,45.5,269
230,Granit Xhaka,4,2,0,21.0,94.2,93.4,70.0,21.0,50.0,58.3,360
232,Grzegorz Krychowiak,4,5,1,23.0,89.2,71.0,40.0,8.0,33.3,57.1,332
233,Guido Rodríguez,0,0,0,2.0,90.9,79.2,66.7,2.0,,100.0,56
238,Hannibal Mejbri,0,1,0,1.0,100.0,100.0,,0.0,,,11
243,Harry Wilson,2,1,9,10.0,85.2,81.0,61.5,3.0,0.0,33.3,160
245,Hassan Al-Haydos,1,2,4,12.0,84.6,96.0,58.3,5.0,33.3,0.0,206
246,Hattan Bahebri,0,0,0,1.0,66.7,0.0,,0.0,,100.0,4
249,Hidemasa Morita,0,3,3,21.0,86.1,81.0,75.0,14.0,0.0,41.7,285
251,Hiroki Sakai,4,1,2,6.0,81.8,66.7,44.4,4.0,0.0,27.3,119
258,Hwang Hee-chan,1,0,3,7.0,94.3,68.8,50.0,0.0,30.0,0.0,115
259,Hwang In-beom,3,3,6,22.0,84.0,85.4,53.7,33.0,0.0,28.6,334
261,Héctor Herrera,3,3,4,7.0,84.8,90.6,57.1,3.0,0.0,75.0,160
264,Idrissa Gana Gueye,1,5,15,15.0,92.1,90.5,31.3,7.0,50.0,40.0,270
265,Ilias Chair,0,0,2,2.0,100.0,80.0,50.0,1.0,0.0,,45
270,Ismaël Koné,0,0,1,3.0,97.1,98.0,92.3,12.0,50.0,,109
272,Ivan Ilić,0,1,0,3.0,100.0,87.5,,3.0,,100.0,34
276,Jackson Irvine,2,3,2,11.0,88.9,87.5,40.0,2.0,0.0,56.3,354
278,Jakub Kamiński,1,0,4,17.0,75.0,52.4,,1.0,40.0,0.0,233
280,Jamal Musiala,1,1,1,19.0,84.5,87.1,100.0,2.0,52.8,33.3,258
287,Jeong Woo-yeong,0,0,1,1.0,85.7,100.0,50.0,0.0,0.0,,45
288,Jeremy Doku,0,0,3,0.0,71.4,75.0,,0.0,50.0,0.0,19
289,Jeremy Sarmiento,1,1,5,6.0,82.4,66.7,16.7,1.0,33.3,66.7,85
290,Jerome Ngom Mbekeli,0,0,2,0.0,,0.0,100.0,0.0,,100.0,5
291,Jesper Lindstrøm,1,1,3,8.0,76.5,72.7,0.0,1.0,33.3,50.0,200
294,Jewison Bennette,0,0,2,4.0,100.0,80.0,100.0,0.0,25.0,0.0,103
295,Jhegson Méndez,2,1,2,16.0,95.2,98.2,73.3,6.0,0.0,50.0,180
298,Joe Allen,1,1,0,9.0,88.9,81.3,100.0,2.0,,0.0,94
299,Joe Morrell,2,1,0,4.0,85.7,83.3,100.0,1.0,,0.0,33
306,Jonathan Osorio,1,1,0,5.0,88.9,95.5,100.0,5.0,50.0,0.0,119
308,Jordan Henderson,2,1,8,12.0,92.6,85.2,53.3,11.0,0.0,50.0,271
311,Jordan Veretout,0,0,0,1.0,86.7,100.0,100.0,3.0,,0.0,62
315,Joshua Kimmich,2,3,21,19.0,94.5,92.6,58.0,26.0,25.0,80.0,270
319,José Cifuentes,2,0,2,3.0,91.7,76.9,0.0,2.0,,,59
324,João Palhinha,1,1,0,5.0,100.0,84.6,50.0,1.0,50.0,0.0,38
328,Jude Bellingham,15,5,4,31.0,91.7,92.7,83.3,18.0,46.2,40.0,414
331,Jung Woo-young,4,3,1,24.0,89.3,88.6,73.8,25.0,,75.0,303
333,Junya Ito,4,5,14,17.0,76.9,72.7,8.3,2.0,25.0,33.3,324
337,Kalvin Phillips,0,0,0,1.0,100.0,90.0,100.0,2.0,,0.0,42
341,Kamil Grosicki,0,0,3,0.0,100.0,0.0,100.0,0.0,100.0,,4
342,Kaoru Mitoma,2,2,0,17.0,79.5,72.2,50.0,1.0,40.0,40.0,165
344,Karim Boudiaf,1,0,0,12.0,87.8,88.1,90.9,9.0,33.3,46.2,185
349,Keanu Baccus,1,2,0,11.0,68.8,75.0,44.4,2.0,0.0,25.0,114
350,Kellyn Acosta,2,0,0,2.0,75.0,100.0,,0.0,,100.0,43
352,Kenneth Taylor,0,0,0,0.0,100.0,100.0,100.0,1.0,,,5
367,Koke,1,0,0,2.0,92.9,96.0,85.7,4.0,,,52
369,Krystian Bielik,3,5,0,10.0,92.1,97.4,70.6,5.0,33.3,60.0,216
381,Leandro Paredes,4,3,0,19.0,96.5,94.5,75.0,18.0,0.0,100.0,225
383,Lee Jae-sung,2,3,1,7.0,83.7,94.6,85.7,4.0,66.7,42.9,211
384,Lee Kangin,3,0,12,6.0,91.7,93.3,50.0,6.0,50.0,0.0,147
385,Leon Goretzka,3,1,1,12.0,85.7,73.3,50.0,3.0,,60.0,159
390,Lovro Majer,1,0,8,10.0,91.5,79.4,37.5,5.0,0.0,,130
394,Lucas Paquetá,5,2,4,13.0,87.1,89.6,66.7,16.0,0.0,60.0,314
395,Luis Chávez,0,1,19,15.0,78.9,73.9,56.3,21.0,33.3,50.0,270
398,Luka Modrić,10,10,33,51.0,93.9,85.6,63.4,51.0,37.5,42.9,653
405,Marcelo Brozović,7,4,4,45.0,90.7,90.4,88.9,31.0,37.5,60.0,552
411,Mario Götze,0,0,2,0.0,100.0,100.0,,1.0,0.0,,36
413,Mark-Anthony Kaye,1,0,0,4.0,76.7,95.8,60.0,1.0,,0.0,59
414,Marko Grujić,1,0,0,2.0,80.0,88.9,0.0,2.0,0.0,100.0,13
417,Marten de Roon,5,2,0,8.0,86.0,78.8,100.0,8.0,,57.1,184
419,Martin Hongla,0,2,1,3.0,85.7,83.3,66.7,7.0,66.7,100.0,121
422,Mason Mount,2,0,3,7.0,85.7,86.4,85.7,3.0,66.7,0.0,186
423,Mateo Kovačić,17,4,3,46.0,94.4,92.3,67.7,47.0,55.0,66.7,635
424,Matheus Nunes,0,0,3,0.0,87.5,100.0,71.4,2.0,50.0,,73
425,Mathew Leckie,4,1,4,15.0,79.6,66.7,25.0,8.0,9.1,58.3,333
427,Mathias Jensen,0,0,2,5.0,84.8,88.9,46.2,7.0,100.0,100.0,84
434,Matías Vecino,3,4,1,18.0,77.8,69.7,100.0,8.0,,50.0,195
439,Mehdi Torabi,0,2,1,6.0,90.5,75.0,100.0,5.0,50.0,0.0,62
443,Michał Skóraś,0,1,0,1.0,50.0,100.0,,0.0,0.0,100.0,45
444,Michel Aebischer,0,0,0,0.0,100.0,0.0,,0.0,,100.0,16
447,Mikkel Damsgaard,2,2,3,10.0,80.0,76.2,57.1,9.0,0.0,0.0,150
454,Mohamed Ali Ben Romdhane,4,0,1,10.0,63.6,100.0,,3.0,33.3,100.0,73
456,Mohamed Kanno,2,2,0,19.0,84.7,88.9,60.0,15.0,50.0,47.1,270
461,Mohammed Waad,0,1,1,1.0,75.0,100.0,100.0,0.0,100.0,,28
462,Moisés Caicedo,5,2,0,14.0,87.4,83.7,20.0,12.0,,50.0,269
471,Nampalys Mendy,4,3,2,18.0,90.6,94.8,77.8,13.0,100.0,0.0,272
475,Nawaf Al Abed,0,1,2,2.0,95.8,70.0,50.0,2.0,50.0,0.0,88
477,Naïm Sliti,1,0,13,8.0,64.7,75.0,31.3,3.0,62.5,50.0,114
479,Nemanja Gudelj,2,2,0,6.0,95.8,78.3,75.0,1.0,,50.0,92
480,Nemanja Maksimović,2,3,2,6.0,100.0,81.8,0.0,5.0,,0.0,122
482,Neymar,0,1,8,11.0,81.6,84.9,53.8,16.0,26.1,0.0,279
487,Nicola Zalewski,0,0,1,5.0,75.0,90.9,100.0,0.0,0.0,0.0,65
490,Nicolás De La Cruz,0,0,1,4.0,100.0,75.0,75.0,3.0,0.0,0.0,38
496,Noa Lang,0,1,1,1.0,50.0,0.0,,0.0,,,8
503,Olivier Ntcham,0,0,0,1.0,100.0,100.0,,3.0,100.0,,25
504,Orbelín Pineda,3,0,0,4.0,81.3,57.1,100.0,5.0,0.0,0.0,76
505,Osman Bukari,0,1,1,2.0,83.3,100.0,0.0,0.0,0.0,33.3,59
506,Otávio,7,1,5,16.0,85.9,73.0,62.5,10.0,,50.0,196
509,Paik Seung-ho,2,0,0,4.0,71.4,77.8,100.0,3.0,,100.0,26
511,Pape Gueye,2,2,1,5.0,85.2,86.7,64.3,5.0,0.0,62.5,153
512,Pape Matar Sarr,2,0,5,3.0,89.5,80.0,83.3,3.0,0.0,100.0,59
513,Papu Gómez,0,1,1,6.0,93.0,91.7,100.0,2.0,50.0,100.0,107
514,Pathé Ciss,3,2,0,10.0,82.6,81.0,100.0,6.0,33.3,100.0,146
517,Pedri,2,4,2,27.0,95.2,94.6,89.7,71.0,54.5,100.0,356
523,Pierre Højbjerg,2,3,1,26.0,93.1,90.7,79.5,30.0,50.0,100.0,270
524,Pierre Kunde,2,4,4,13.0,85.0,85.7,63.6,8.0,0.0,100.0,131
525,Piotr Zieliński,5,1,16,17.0,91.5,86.7,45.8,14.0,25.0,0.0,328
526,Przemysław Frankowski,4,3,8,12.0,78.8,81.8,25.0,5.0,50.0,50.0,240
536,Remo Freuler,5,3,0,19.0,88.3,89.5,45.5,11.0,0.0,20.0,323
544,Riyadh Sharahili,0,2,0,3.0,100.0,100.0,33.3,0.0,50.0,50.0,54
545,Roan Wilson,0,0,0,1.0,100.0,,,0.0,,,1
550,Rodrigo Bentancur,8,7,2,35.0,88.6,84.8,82.4,16.0,50.0,66.7,213
551,Rodrigo De Paul,6,7,12,42.0,91.8,85.4,47.4,35.0,11.1,40.0,599
552,Rodrygo,1,2,9,11.0,86.9,82.4,40.0,4.0,22.2,0.0,181
555,Romario Ibarra,0,1,0,3.0,63.6,100.0,,1.0,100.0,0.0,68
559,Rubin Colwill,0,0,0,1.0,100.0,,0.0,0.0,,,10
563,Rúben Neves,1,3,2,12.0,100.0,94.9,80.4,23.0,,40.0,268
566,Saeid Ezatolahi,1,2,4,17.0,86.7,73.5,63.6,7.0,0.0,60.0,217
568,Salem Al-Dawsari,4,1,3,16.0,84.6,86.2,64.3,11.0,20.0,50.0,270
569,Salis Abdul Samed,2,4,2,15.0,100.0,90.7,60.0,11.0,75.0,0.0,250
570,Salman Al-Faraj,0,0,1,1.0,100.0,75.0,50.0,0.0,,,44
572,Saman Ghoddos,0,0,2,1.0,100.0,83.3,0.0,0.0,,0.0,45
573,Sami Al-Najei,0,0,5,2.0,80.0,42.9,33.3,0.0,,0.0,45
574,Samuel Oum Gouet,1,0,1,10.0,100.0,90.9,54.5,6.0,,100.0,100
577,Saša Lukić,0,1,1,19.0,89.6,92.1,76.9,12.0,0.0,50.0,245
578,Sebastian Szymański,3,2,3,6.0,70.0,75.0,66.7,3.0,33.3,16.7,134
580,Selim Amallah,9,8,2,12.0,87.5,73.9,33.3,4.0,14.3,18.2,409
582,Sergej Milinković-Savić,1,2,1,18.0,80.0,80.5,50.0,9.0,50.0,50.0,233
583,Sergio Busquets,4,1,0,28.0,91.2,94.1,80.0,31.0,100.0,61.5,363
592,Sofyan Amrabat,10,6,2,57.0,88.4,90.4,66.7,10.0,0.0,40.0,660
594,Son Jun-ho,3,3,0,9.0,95.5,95.8,84.6,10.0,,0.0,72
595,Sorba Thomas,1,0,1,1.0,,100.0,50.0,0.0,0.0,,1
598,Stephen Eustáquio,2,2,1,10.0,97.6,100.0,70.6,8.0,100.0,50.0,125
600,Steven Berghuis,1,0,13,8.0,80.4,75.0,70.8,17.0,25.0,33.3,200
606,Tajon Buchanan,1,3,8,14.0,85.1,66.7,12.5,5.0,28.0,33.3,260
613,Teun Koopmeiners,5,4,2,12.0,88.7,85.7,54.5,9.0,50.0,57.1,219
615,Thiago Almada,0,0,0,0.0,100.0,100.0,,0.0,,,7
619,Thomas Delaney,1,0,1,2.0,91.7,84.6,50.0,3.0,,66.7,44
622,Thomas Partey,5,0,1,21.0,88.2,89.2,64.0,18.0,100.0,66.7,270
629,Tyler Adams,9,4,2,33.0,91.7,93.6,88.9,23.0,100.0,71.4,360
638,Vitinha,2,1,2,4.0,94.4,92.3,92.3,15.0,50.0,0.0,120
643,Wataru Endo,4,3,2,22.0,93.0,83.1,43.8,12.0,20.0,50.0,304
645,Weston McKennie,1,0,1,14.0,82.5,84.2,61.9,16.0,50.0,50.0,271
646,William Carvalho,5,0,0,15.0,95.3,95.5,69.2,8.0,,100.0,215
654,Yahya Jabrane,0,0,0,,,,,,,,15
660,Yeltsin Tejeda,2,1,0,14.0,84.8,81.1,66.7,6.0,0.0,66.7,269
661,Youri Tielemans,1,2,1,9.0,89.3,82.1,62.5,6.0,,66.7,95
663,Youssef Msakni,1,0,2,9.0,82.1,79.3,50.0,4.0,57.1,33.3,169
664,Youssouf Fofana,5,3,0,17.0,86.8,97.7,54.5,14.0,100.0,50.0,227
669,Yunus Musah,6,2,8,23.0,91.4,86.7,69.2,10.0,36.4,50.0,343
670,Yuto Nagatomo,2,0,6,11.0,89.5,71.0,21.4,7.0,75.0,33.3,209
673,Álvaro Zamora,0,1,0,1.0,100.0,100.0,,1.0,,0.0,30
674,Ángel Correa,1,0,0,0.0,100.0,100.0,,0.0,,,5
675,Ángel Di María,1,1,27,7.0,94.8,81.1,43.5,3.0,52.0,0.0,288
679,İlkay Gündoğan,1,1,1,18.0,90.7,98.2,73.3,18.0,100.0,60.0,189
